image: miele4.pgm
resolution: 0.025000
origin: [-62.512497, -62.512497, 0.000000]
negate: 0
occupied_thresh: 0.65
free_thresh: 0.196

